48477312
51267216
1
70
54
71
83
51
54
69
16
92
33
48
61
43
52
1
89
20
73
35
29
78
31
90
1
74
31
49
71
48
86
81
16
23
20
69
36
41
72
30
23
88
34
62
99
69
82
67
59
85
74
4
42
16
73
38
25
39
11
24
94
72
18
8
46
29
32
40
88
36
68
87
57
62
20
72
3
46
33
67
46
55
12
32
63
4
52
8
83
97
35
99
16
7
97
57
32
16
26
26
79
33
19
80
81
68
5
94
47
69
28
73
92
13
86
52
17
77
4
86
56
0
48
35
71
89
7
5
44
44
37
44
60
21
58
51
16
39
5
42
96
35
31
47
55
58
88
24
0
17
54
24
36
78
17
53
28
22
75
31
67
15
94
3
80
4
62
16
14
9
21
36
23
9
75
0
76
44
20
45
35
14
0
61
33
97
34
24
55
58
5
66
73
99
26
97
17
78
78
96
83
14
88
34
67
26
20
68
2
62
12
20
95
63
94
39
63
8
40
91
66
32
98
81
28
64
23
67
10
26
38
40
67
59
54
70
66
18
24
47
32
60
99
3
45
2
44
75
33
53
78
36
84
20
35
22
31
16
71
51
67
63
89
41
92
36
54
22
40
40
28
66
70600674
Result: 70600674
